tweet_id,favorite_count,retweet_count
666020888022790149,2562,515
666029285002620928,130,47
666033412701032449,125,44
666044226329800704,299,141
666049248165822465,109,40
666050758794694657,133,58
666051853826850816,1217,848
666055525042405380,434,249
666057090499244032,298,141
666058600524156928,111,57
666063827256086533,476,218
666071193221509120,148,60
666073100786774016,322,163
666082916733198337,119,44
666094000022159362,164,73
666099513787052032,155,67
666102155909144576,80,12
666104133288665088,14313,6601
666268910803644416,103,35
666273097616637952,174,76
666287406224695296,149,64
666293911632134144,506,354
666337882303524864,198,91
666345417576210432,296,136
666353288456101888,220,72
666362758909284353,778,571
666373753744588802,189,93
666396247373291520,168,84
666407126856765440,110,40
666411507551481857,447,327
666418789513326592,126,46
666421158376562688,318,111
666428276349472768,165,83
666430724426358785,321,199
666435652385423360,166,53
666437273139982337,126,48
666447344410484738,105,20
666454714377183233,523,210
666644823164719104,234,83
666649482315059201,892,587
666691418707132416,190,47
666701168228331520,436,222
666739327293083650,239,66
666776908487630848,356,176
666781792255496192,391,200
666786068205871104,773,492
666804364988780544,243,94
666817836334096384,528,258
666826780179869698,256,98
666835007768551424,219,80
666837028449972224,833,563
666983947667116034,2593,1005
666996132027977728,248,96
667012601033924608,456,227
667044094246576128,188,51
667062181243039745,221,55
667065535570550784,169,48
667070482143944705,85,14
667073648344346624,412,125
667090893657276420,340,129
667119796878725120,334,131
667138269671505920,4704,2285
667152164079423490,48742,17639
667160273090932737,262,64
667165590075940865,2740,1179
667171260800061440,226,92
667174963120574464,251,85
667176164155375616,622,472
667177989038297088,193,56
667182792070062081,14638,6411
667188689915760640,760,429
667192066997374976,394,109
667200525029539841,626,269
667211855547486208,500,248
667369227918143488,375,167
667393430834667520,199,58
667405339315146752,474,224
667435689202614272,309,85
667437278097252352,458,246
667443425659232256,803,600
667453023279554560,320,92
667455448082227200,194,63
667470559035432960,264,100
667491009379606528,547,234
667495797102141441,538,283
667502640335572993,543,224
667509364010450944,6941,2204
667517642048163840,376,198
667524857454854144,1741,1153
667530908589760512,484,251
667534815156183040,838,556
667538891197542400,209,68
667544320556335104,890,543
667546741521195010,341,129
667549055577362432,5936,2370
667550882905632768,0,33
667550904950915073,0,35
667724302356258817,499,330
667728196545200128,383,154
667766675769573376,456,226
667773195014021121,240,58
667782464991965184,423,250
667793409583771648,717,339
667801013445750784,337,97
667806454573760512,1084,517
667832474953625600,294,63
667861340749471744,249,80
667866724293877760,3081,1073
667873844930215936,649,423
667878741721415682,402,121
667885044254572545,841,507
667886921285246976,1949,1135
667902449697558528,871,389
667911425562669056,507,315
667915453470232577,216,58
667924896115245057,308,114
667937095915278337,1306,825
668113020489474048,683,252
668142349051129856,579,298
668154635664932864,511,328
668171859951755264,505,202
668190681446379520,666,203
668204964695683073,567,201
668221241640230912,524,208
668226093875376128,310,108
668237644992782336,6402,2975
668248472370458624,1019,508
668256321989451776,1338,649
668268907921326080,571,246
668274247790391296,848,239
668286279830867968,520,142
668291999406125056,255,34
668297328638447616,637,311
668466899341221888,913,540
668480044826800133,477,154
668484198282485761,439,246
668496999348633600,422,138
668507509523615744,335,113
668528771708952576,479,235
668537837512433665,258,78
668542336805281792,477,224
668544745690562560,537,238
668567822092664832,254,61
668587383441514497,1712,1135
668614819948453888,626,327
668620235289837568,211,45
668623201287675904,1497,814
668625577880875008,404,140
668627278264475648,328,118
668631377374486528,742,333
668633411083464705,2910,1728
668636665813057536,1079,509
668641109086707712,1109,561
668643542311546881,910,555
668645506898350081,928,568
668655139528511488,546,227
668779399630725120,727,389
668815180734689280,589,284
668826086256599040,452,146
668852170888998912,465,173
668872652652679168,545,312
668892474547511297,410,160
668902994700836864,327,106
668932921458302977,276,60
668955713004314625,290,74
668960084974809088,731,248
668967877119254528,151,25
668975677807423489,1353,613
668979806671884288,819,371
668981893510119424,558,321
668986018524233728,568,176
668988183816871936,930,496
668989615043424256,703,343
668992363537309700,769,364
668994913074286592,455,244
669000397445533696,21515,6662
669006782128353280,595,261
669015743032369152,760,388
669037058363662336,678,326
669203728096960512,1038,501
669214165781868544,458,178
669216679721873412,1225,422
669324657376567296,512,214
669327207240699904,594,120
669328503091937280,1040,436
669351434509529089,455,195
669353438988365824,668,267
669354382627049472,2793,1330
669359674819481600,380,129
669363888236994561,647,240
669367896104181761,474,166
669371483794317312,513,188
669375718304980992,1377,761
669393256313184256,376,79
669564461267722241,398,129
669567591774625800,241,59
669571471778410496,1627,1054
669573570759163904,447,150
669583744538451968,1534,977
669597912108789760,527,158
669603084620980224,974,388
669625907762618368,3653,1899
669661792646373376,832,460
669680153564442624,692,301
669682095984410625,366,137
669683899023405056,404,114
669684865554620416,538,91
669749430875258880,278,67
669753178989142016,837,423
669923323644657664,243,59
669926384437997569,391,110
669942763794931712,524,175
669970042633789440,311,63
669972011175813120,457,168
669993076832759809,335,87
670003130994700288,342,96
670037189829525505,605,292
670040295598354432,773,115
670046952931721218,667,184
670055038660800512,690,346
670061506722140161,787,362
670069087419133954,650,255
670073503555706880,1618,830
670079681849372674,2299,1315
670086499208155136,719,261
670093938074779648,1068,354
670290420111441920,728,298
670303360680108032,440,141
670319130621435904,3977,1295
670338931251150849,440,117
670361874861563904,338,69
670374371102445568,765,280
670385711116361728,578,222
670403879788544000,446,164
670408998013820928,574,234
670411370698022913,2104,949
670417414769758208,584,337
670420569653809152,649,331
670421925039075328,1355,672
670427002554466305,535,173
670428280563085312,1431,668
670433248821026816,335,119
670434127938719744,1449,677
670435821946826752,1087,550
670442337873600512,670,206
670444955656130560,6923,2072
670449342516494336,1227,702
670452855871037440,566,217
670465786746662913,1006,581
670468609693655041,363,89
670474236058800128,1579,801
670668383499735048,11080,5291
670676092097810432,260,45
670679630144274432,771,303
670691627984359425,607,253
670704688707301377,783,387
670717338665226240,1250,519
670727704916926465,856,383
670733412878163972,990,532
670755717859713024,459,119
670764103623966721,1107,443
670778058496974848,339,75
670780561024270336,799,297
670782429121134593,1624,817
670783437142401025,844,414
670786190031921152,622,211
670789397210615808,684,251
670792680469889025,861,289
670797304698376195,753,248
670803562457407488,349,91
670804601705242624,2035,996
670807719151067136,1183,514
670811965569282048,1164,283
670815497391357952,3275,1626
670822709593571328,630,101
670823764196741120,799,199
670826280409919488,5753,4272
670832455012716544,760,230
670833812859932673,461,128
670838202509447168,1151,731
670840546554966016,614,205
670842764863651840,25362,9213
670995969505435648,1138,305
671109016219725825,1179,459
671115716440031232,1398,809
671122204919246848,3616,2651
671134062904504320,771,202
671138694582165504,961,423
671141549288370177,1206,687
671147085991960577,692,241
671151324042559489,692,160
671154572044468225,744,228
671159727754231808,387,85
671163268581498880,1712,1163
671166507850801152,900,370
671182547775299584,1156,358
671186162933985280,757,225
671347597085433856,999,453
671355857343524864,492,118
671357843010908160,415,154
671362598324076544,1150,308
671390180817915904,1463,771
671485057807351808,786,241
671486386088865792,604,214
671488513339211776,1045,492
671497587707535361,950,468
671504605491109889,7266,3710
671511350426865664,1666,761
671518598289059840,974,303
671520732782923777,1445,557
671528761649688577,865,272
671533943490011136,1057,604
671536543010570240,1214,429
671538301157904385,950,415
671542985629241344,1126,594
671544874165002241,2059,1100
671547767500775424,1395,627
671550332464455680,942,217
671561002136281088,13261,7610
671729906628341761,8802,4582
671735591348891648,1490,790
671743150407421952,760,239
671744970634719232,1389,806
671763349865160704,1741,971
671768281401958400,1235,549
671789708968640512,7296,3663
671855973984772097,944,477
671866342182637568,1162,525
671874878652489728,1288,580
671879137494245376,1471,725
671882082306625538,3575,1444
671891728106971137,1368,590
671896809300709376,8730,4357
672068090318987265,1338,541
672082170312290304,968,384
672095186491711488,1029,385
672125275208069120,2477,1201
672139350159835138,1800,755
672160042234327040,899,379
672169685991993344,1051,388
672205392827572224,2333,1214
672222792075620352,808,222
672231046314901505,1895,1058
672239279297454080,922,335
672245253877968896,708,163
672248013293752320,1782,635
672254177670729728,1472,776
672256522047614977,2903,1637
672264251789176834,1181,358
672267570918129665,1542,641
672272411274932228,6663,3562
672466075045466113,1399,568
672475084225949696,1483,734
672481316919734272,736,128
672482722825261057,1171,637
672488522314567680,1147,459
672523490734551040,664,180
672538107540070400,1059,391
672591271085670400,749,195
672591762242805761,978,348
672594978741354496,1367,635
672604026190569472,1147,427
672609152938721280,1151,407
672614745925664768,1261,615
672622327801233409,1330,518
672640509974827008,1002,339
672828477930868736,1298,511
672834301050937345,1356,600
672877615439593473,1059,389
672884426393653248,1606,869
672898206762672129,918,442
672902681409806336,1412,530
672964561327235073,1468,676
672968025906282496,1356,574
672970152493887488,987,374
672975131468300288,1740,965
672980819271634944,1869,1048
672984142909456390,1290,569
672988786805112832,1007,304
672995267319328768,987,312
672997845381865473,2027,758
673148804208660480,1761,662
673213039743795200,2330,891
673240798075449344,1464,764
673270968295534593,1098,390
673295268553605120,7770,3340
673317986296586240,895,279
673320132811366400,13964,8389
673342308415348736,1309,623
673343217010679808,1003,281
673345638550134785,2609,1356
673350198937153538,757,223
673352124999274496,1708,570
673355879178194945,1539,619
673359818736984064,1504,704
673363615379013632,1053,326
673576835670777856,1425,592
673580926094458881,856,281
673583129559498752,1230,390
673612854080196609,1643,766
673636718965334016,1156,390
673656262056419329,740,256
673662677122719744,1298,382
673680198160809984,1418,492
673686845050527744,1497,459
673688752737402881,1306,522
673689733134946305,1800,683
673697980713705472,3932,2077
673700254269775872,1487,601
673705679337693185,1299,419
673707060090052608,1133,414
673708611235921920,1111,307
673709992831262724,880,289
673711475735838725,1073,315
673715861853720576,3680,2217
673716320723169284,3185,808
673887867907739649,966,265
673906403526995968,3308,1725
673919437611909120,1209,386
673956914389192708,2022,1023
674008982932058114,1240,373
674014384960745472,1625,687
674019345211760640,1174,319
674024893172875264,1859,1301
674036086168010753,873,230
674038233588723717,1137,433
674042553264685056,745,135
674045139690631169,1466,677
674051556661161984,1502,509
674053186244734976,3452,1383
674063288070742018,6603,2364
674075285688614912,1014,304
674082852460433408,777,180
674255168825880576,1519,594
674262580978937856,1346,486
674265582246694913,1700,896
674269164442398721,928,241
674271431610523648,1626,768
674291837063053312,15345,6282
674307341513269249,11774,7367
674318007229923329,1467,549
674330906434379776,581,77
674372068062928900,879,328
674394782723014656,1555,608
674410619106390016,1243,497
674416750885273600,707,148
674422304705744896,1485,563
674436901579923456,1155,418
674447403907457024,1101,378
674468880899788800,6460,2193
674606911342424069,978,106
674632714662858753,1557,612
674638615994089473,1744,618
674644256330530816,1072,292
674646392044941312,1494,533
674664755118911488,958,270
674670581682434048,1680,690
674690135443775488,1192,497
674737130913071104,669,98
674739953134403584,1162,420
674742531037511680,510,54
674743008475090944,1462,585
674752233200820224,1521,493
674754018082705410,1413,479
674764817387900928,820,254
674767892831932416,1908,854
674774481756377088,1175,509
674781762103414784,2091,1290
674788554665512960,842,221
674790488185167872,1145,270
674793399141146624,2611,1165
674800520222154752,3130,917
674805413498527744,896,377
674999807681908736,2344,1179
675003128568291329,1615,502
675006312288268288,1018,241
675015141583413248,2825,1276
675047298674663426,1102,351
675109292475830276,2912,1207
675111688094527488,1005,269
675113801096802304,2037,834
675135153782571009,1353,526
675145476954566656,2225,961
675146535592706048,1247,332
675147105808306176,982,257
675149409102012420,3898,1797
675153376133427200,6573,2788
675166823650848770,3776,1731
675334060156301312,2908,1376
675349384339542016,4111,2416
675354435921575936,34222,18327
675362609739206656,1095,244
675372240448454658,1784,541
675432746517426176,1588,608
675483430902214656,1928,1037
675489971617296384,1356,637
675497103322386432,3284,1388
675501075957489664,17927,6230
675517828909424640,1368,489
675522403582218240,1086,305
675531475945709568,1232,413
675534494439489536,1899,447
675706639471788032,670,103
675707330206547968,2083,741
675710890956750848,1982,893
675740360753160193,1216,371
675781562965868544,1691,509
675798442703122432,10746,3628
675820929667219457,1097,244
675822767435051008,1597,570
675845657354215424,2396,958
675849018447167488,989,163
675853064436391936,2816,1397
675870721063669760,1724,607
675878199931371520,4389,1506
675888385639251968,2496,1031
675891555769696257,2233,939
675898130735476737,1716,617
676089483918516224,1378,460
676098748976615425,3163,1549
676101918813499392,2946,1241
676121918416756736,2251,1252
676146341966438401,2008,716
676191832485810177,2394,1103
676215927814406144,1825,631
676219687039057920,78710,33439
676237365392908289,1282,316
676263575653122048,2173,587
676430933382295552,1464,371
676440007570247681,1809,719
676470639084101634,12220,5027
676496375194980353,1591,575
676533798876651520,1974,598
676575501977128964,2715,1211
676582956622721024,1264,305
676588346097852417,2453,863
676590572941893632,969,138
676593408224403456,4814,2321
676603393314578432,1231,421
676606785097199616,1974,473
676613908052996102,1142,208
676617503762681856,3044,1059
676776431406465024,5255,2166
676811746707918848,1492,457
676819651066732545,1890,714
676821958043033607,24293,16860
676864501615042560,2218,776
676897532954456065,2367,784
676916996760600576,3123,1936
676936541936185344,13396,5304
676942428000112642,2188,823
676946864479084545,1792,409
676948236477857792,2290,943
676949632774234114,1368,426
676957860086095872,2320,871
676975532580409345,2924,1155
677187300187611136,2879,991
677228873407442944,3731,1762
677269281705472000,2094,760
677301033169788928,1312,446
677314812125323265,1734,582
677328882937298944,3827,1624
677331501395156992,1148,256
677334615166730240,1430,320
677335745548390400,3222,1939
677530072887205888,1123,243
677547928504967168,7320,3926
677557565589463040,2570,1262
677565715327688705,1362,492
677573743309385728,2259,789
677644091929329666,1976,863
677662372920729601,2056,1057
677673981332312066,3530,1618
677687604918272002,2614,911
677698403548192770,1291,346
677700003327029250,3575,1558
677716515794329600,3217,1055
677895101218201600,5109,2292
677918531514703872,1423,441
677961670166224897,3602,1821
678021115718029313,14543,6898
678023323247357953,2034,421
678255464182861824,1673,404
678278586130948096,12147,6586
678334497360859136,1371,290
678341075375947776,1827,585
678380236862578688,2571,979
678389028614488064,1976,456
678396796259975168,1683,456
678399652199309312,61388,29987
678410210315247616,4490,1981
678424312106393600,5740,2768
678446151570427904,4230,1713
678643457146150913,2168,464
678675843183484930,3043,1617
678708137298427904,5888,2642
678740035362037760,3977,1854
678755239630127104,7574,3600
678764513869611008,1733,521
678767140346941444,3741,1488
678774928607469569,2949,1003
678798276842360832,3700,1292
678800283649069056,2727,981
678969228704284672,1740,501
678991772295516161,2470,1278
679001094530465792,2998,1338
679047485189439488,2390,741
679062614270468097,18124,8938
679111216690831360,6327,2784
679132435750195208,3146,1259
679148763231985668,2943,1119
679158373988876288,22835,8826
679405845277462528,2529,1312
679462823135686656,33739,20509
679475951516934144,2227,694
679503373272485890,3356,1610
679511351870550016,3586,1395
679527802031484928,2813,794
679530280114372609,5056,2252
679722016581222400,1758,511
679729593985699840,2300,898
679736210798047232,2221,870
679777920601223168,3280,1219
679828447187857408,38528,15274
679844490799091713,2520,846
679854723806179328,3045,1349
679862121895714818,2614,677
679872969355714560,2310,719
679877062409191424,2086,700
680055455951884288,17751,7770
680070545539371008,2727,958
680085611152338944,13590,9699
680100725817409536,3799,1489
680115823365742593,2883,992
680130881361686529,2437,1033
680145970311643136,3838,1894
680161097740095489,2462,797
680176173301628928,4148,1701
680191257256136705,2281,554
680206703334408192,3008,1279
680221482581123072,1548,315
680440374763077632,1543,552
680473011644985345,2697,810
680494726643068929,1825,526
680497766108381184,4507,2080
680583894916304897,3837,1456
680609293079592961,2801,780
680798457301471234,3041,1132
680801747103793152,2522,897
680805554198020098,2311,722
680836378243002368,3670,1452
680889648562991104,1876,399
680913438424612864,2546,675
680934982542561280,2206,480
680940246314430465,3434,1153
680959110691590145,4838,2163
680970795137544192,2587,722
681193455364796417,3948,1623
681231109724700672,2548,526
681242418453299201,1592,591
681261549936340994,1553,297
681281657291280384,3422,1202
681297372102656000,3391,1046
681302363064414209,4208,1999
681320187870711809,2829,827
681339448655802368,9893,4426
681340665377193984,1748,302
681523177663676416,15257,6356
681579835668455424,3781,1430
681610798867845120,2035,516
681654059175129088,2811,1012
681679526984871937,1872,486
681694085539872773,13603,4417
681891461017812993,2626,901
681981167097122816,2954,1126
682003177596559360,3357,1664
682032003584274432,7003,2200
682047327939461121,3418,1051
682059653698686977,5286,1849
682088079302213632,19531,10838
682242692827447297,3466,1292
682259524040966145,4445,1331
682303737705140231,3282,1087
682389078323662849,1779,506
682393905736888321,2380,746
682406705142087680,8072,1927
682429480204398592,3650,1266
682638830361513985,2191,654
682662431982772225,3246,1172
682697186228989953,1401,391
682750546109968385,1622,479
682788441537560576,2633,1219
682808988178739200,1885,199
682962037429899265,39457,18255
683030066213818368,2298,802
683078886620553216,2112,611
683098815881154561,2311,717
683111407806746624,3621,990
683142553609318400,3065,1139
683357973142474752,3135,1027
683391852557561860,8116,2602
683449695444799489,4142,1753
683462770029932544,2594,728
683481228088049664,2804,1083
683498322573824003,3363,1046
683515932363329536,7845,3172
683742671509258241,6934,3634
683773439333797890,3563,1480
683828599284170753,2980,1151
683834909291606017,2794,1205
683849932751646720,2792,1070
683852578183077888,2052,380
683857920510050305,4047,1218
684097758874210310,4370,1571
684122891630342144,2121,517
684147889187209216,3170,1630
684177701129875456,2153,733
684188786104872960,3709,1280
684195085588783105,2043,566
684200372118904832,2307,1123
684222868335505415,4097,1511
684225744407494656,1320,229
684241637099323392,8699,3598
684460069371654144,2108,606
684481074559381504,4121,1272
684538444857667585,2825,1049
684567543613382656,3208,1346
684588130326986752,4383,1535
684594889858887680,9531,3857
684800227459624960,2890,1084
684830982659280897,37419,23563
684880619965411328,2241,900
684902183876321280,2000,579
684914660081053696,3732,1593
684926975086034944,3733,513
684940049151070208,3432,1143
684959798585110529,7265,3431
684969860808454144,2518,420
685169283572338688,4366,1555
685198997565345792,2481,732
685268753634967552,3313,1321
685307451701334016,2206,481
685315239903100929,3565,1177
685321586178670592,2821,706
685325112850124800,10114,4368
685532292383666176,3246,1253
685547936038666240,35126,17112
685641971164143616,3128,843
685663452032069632,3467,1598
685667379192414208,2496,627
685681090388975616,2160,138
685906723014619143,8020,3167
685943807276412928,1742,666
685973236358713344,2250,584
686003207160610816,1937,695
686007916130873345,2635,457
686034024800862208,3323,1275
686035780142297088,1232,133
686050296934563840,2348,803
686286779679375361,4263,1815
686358356425093120,2342,746
686377065986265092,2363,615
686386521809772549,3468,962
686394059078897668,1868,746
686606069955735556,2010,586
686618349602762752,3923,1481
686683045143953408,2993,878
686730991906516992,4431,1308
686749460672679938,3696,1594
686760001961103360,3750,1498
686947101016735744,9172,3459
687096057537363968,2389,662
687102708889812993,2491,1078
687109925361856513,6188,2694
687124485711986689,2308,553
687127927494963200,5821,2494
687312378585812992,4644,2075
687317306314240000,21446,9989
687399393394311168,2026,682
687460506001633280,2175,589
687476254459715584,2103,587
687480748861947905,1702,270
687494652870668288,2042,626
687664829264453632,2068,558
687704180304273409,2599,918
687732144991551489,1881,715
687807801670897665,2546,761
687818504314159109,2667,1034
687826841265172480,2914,1237
687841446767013888,5828,2761
688064179421470721,1830,392
688116655151435777,2998,855
688179443353796608,2255,639
688211956440801280,2370,913
688385280030670848,9913,4849
688519176466644993,2460,794
688547210804498433,2782,766
688789766343622656,2358,727
688804835492233216,1023,214
688828561667567616,1468,402
688894073864884227,2373,757
688898160958271489,2243,856
688908934925697024,2259,842
688916208532455424,2910,951
689143371370250240,2162,561
689154315265683456,3262,1096
689255633275777024,2731,1173
689275259254616065,1234,268
689280876073582592,2128,784
689283819090870273,3505,1204
689289219123089408,2397,1010
689517482558820352,3610,1563
689557536375177216,2190,503
689599056876867584,12409,6019
689623661272240129,2387,707
689659372465688576,11067,4244
689661964914655233,3410,1009
689835978131935233,2304,820
689877686181715968,3215,1295
689905486972461056,2585,757
689977555533848577,1457,486
689993469801164801,1566,500
689999384604450816,1521,411
690005060500217858,3902,1840
690015576308211712,2671,807
690021994562220032,2980,1127
690248561355657216,1795,449
690348396616552449,1600,555
690360449368465409,2831,969
690374419777196032,3471,940
690400367696297985,1988,492
690597161306841088,2092,656
690607260360429569,307,18
690649993829576704,1393,305
690690673629138944,2482,863
690728923253055490,2312,565
690735892932222976,4027,1393
690932576555528194,3495,1110
690938899477221376,4419,2174
690959652130045952,3813,1368
690989312272396288,6297,3132
691090071332753408,1816,366
691096613310316544,3160,976
691321916024623104,2752,717
691416866452082688,20615,8323
691444869282295808,2827,924
691459709405118465,4326,1250
691483041324204033,2526,617
691675652215414786,2070,553
691756958957883396,3076,1114
691793053716221953,8654,4568
691820333922455552,4200,1794
692017291282812928,3052,1042
692041934689402880,3623,1385
692142790915014657,1747,427
692158366030913536,2295,867
692187005137076224,2684,891
692417313023332352,9961,3784
692423280028966913,1577,253
692530551048294401,1969,456
692535307825213440,3400,1476
692568918515392513,4627,1671
692752401762250755,7285,3950
692828166163931137,3064,959
692894228850999298,2423,877
692901601640583168,1905,659
692905862751522816,2595,953
692919143163629568,2842,808
693095443459342336,1996,502
693109034023534592,1832,668
693155686491000832,8405,3481
693231807727280129,3053,797
693262851218264065,2374,547
693267061318012928,2543,891
693280720173801472,3583,1356
693486665285931008,1888,683
693582294167244802,1748,278
693590843962331137,5397,2135
693622659251335168,1643,400
693629975228977152,2614,871
693642232151285760,2704,453
693644216740769793,1429,140
693647888581312512,2869,645
693942351086120961,1844,403
693993230313091072,1995,437
694001791655137281,3609,1125
694183373896572928,3128,1010
694206574471057408,4469,2215
694329668942569472,2139,544
694342028726001664,1679,530
694352839993344000,2170,673
694356675654983680,1604,313
694669722378485760,38045,15718
694905863685980160,2947,1021
694925794720792577,2877,997
695051054296211456,2838,855
695064344191721472,1712,654
695074328191332352,3023,1201
695095422348574720,2809,669
695314793360662529,3884,1600
695409464418041856,9172,3877
695446424020918272,4645,1969
695629776980148225,4868,2289
695767669421768709,1994,811
695794761660297217,3393,849
695816827381944320,3196,1277
696100768806522880,2067,722
696405997980676096,3426,1237
696488710901260288,2705,1126
696490539101908992,1303,162
696518437233913856,4152,1842
696713835009417216,2533,706
696744641916489729,2214,1028
696754882863349760,1572,388
696877980375769088,2605,776
696886256886657024,5147,1947
696894894812565505,2501,733
696900204696625153,3402,1116
697242256848379904,2684,727
697255105972801536,3214,1261
697259378236399616,3498,1082
697270446429966336,4972,2024
697463031882764288,3636,1501
697482927769255936,2580,739
697516214579523584,2210,1231
697575480820686848,2173,550
697596423848730625,3234,1370
697616773278015490,3362,1095
697630435728322560,1860,587
697881462549430272,3217,1291
697943111201378304,2560,754
697990423684476929,3501,1406
697995514407682048,1625,362
698178924120031232,2985,800
698195409219559425,17860,6499
698262614669991936,5060,2183
698342080612007937,2416,1032
698355670425473025,1989,489
698549713696649216,2463,669
698635131305795584,1370,371
698703483621523456,1549,413
698710712454139905,2633,746
698907974262222848,2708,677
698953797952008193,2887,980
698989035503689728,3607,1068
699036661657767936,2778,1296
699060279947165696,4029,1967
699072405256409088,3195,1290
699079609774645248,2605,713
699088579889332224,2381,683
699323444782047232,3362,940
699370870310113280,2000,478
699413908797464576,2195,672
699423671849451520,1459,360
699434518667751424,2312,556
699446877801091073,6321,2838
699691744225525762,10922,4995
699775878809702401,2086,664
699779630832685056,2946,1345
699788877217865730,2389,540
699801817392291840,3247,1047
700002074055016451,3526,1461
700029284593901568,2200,631
700062718104104960,2812,753
700143752053182464,8025,2998
700151421916807169,2385,716
700167517596164096,2824,812
700462010979500032,4413,1958
700505138482569216,2423,622
700518061187723268,2806,870
700747788515020802,24342,10206
700796979434098688,2590,1041
700847567345688576,2593,541
700864154249383937,2759,665
700890391244103680,2360,623
701214700881756160,13022,5564
701545186879471618,2820,663
701570477911896070,2997,1018
701601587219795968,2222,499
701805642395348998,3653,1842
701889187134500865,3792,1499
701952816642965504,4051,1109
701981390485725185,3662,1077
702217446468493312,5116,1459
702276748847800320,2638,830
702321140488925184,3491,1124
702332542343577600,3410,1689
702539513671897089,3055,1046
702598099714314240,11012,3564
702671118226825216,2325,608
702684942141153280,3424,1172
702899151802126337,1719,489
702932127499816960,2757,786
703041949650034688,28121,13644
703079050210877440,7855,3367
703268521220972544,2095,606
703356393781329922,2028,421
703382836347330562,3729,1241
703407252292673536,2624,761
703425003149250560,4043,1504
703611486317502464,4105,1650
703631701117943808,2762,752
703769065844768768,3502,1235
703774238772166656,1960,505
704054845121142784,3105,999
704113298707505153,1976,612
704134088924532736,1613,508
704347321748819968,1683,385
704364645503647744,8553,3864
704480331685040129,3622,1149
704491224099647488,814,92
704499785726889984,3131,1085
704761120771465216,7065,3154
704819833553219584,2814,1092
704847917308362754,5440,1668
704859558691414016,2397,594
704871453724954624,4530,1208
705066031337840642,2307,659
705102439679201280,2285,560
705223444686888960,2746,877
705239209544720384,3192,816
705428427625635840,4063,1839
705442520700944385,4735,1795
705475953783398401,3153,1002
705591895322394625,3367,1252
705786532653883392,2076,578
705898680587526145,2525,612
705970349788291072,3339,971
705975130514706432,3300,804
706153300320784384,1591,417
706166467411222528,5472,1750
706169069255446529,4157,2413
706265994973601792,2893,997
706291001778950144,1806,510
706310011488698368,22800,8684
706346369204748288,3654,1000
706516534877929472,3291,1121
706538006853918722,3672,1532
706593038911545345,2291,682
706644897839910912,2736,1188
706681918348251136,3530,1052
706901761596989440,2200,652
706904523814649856,15481,8510
707014260413456384,2443,647
707021089608753152,4321,1487
707038192327901184,2335,868
707059547140169728,2735,734
707297311098011648,2931,867
707315916783140866,2624,696
707377100785885184,3493,1169
707387676719185920,3722,1418
707411934438625280,2417,650
707420581654872064,2421,754
707610948723478529,18005,6970
707629649552134146,2741,954
707693576495472641,3639,1082
707738799544082433,4346,2684
707741517457260545,2643,660
707776935007539200,3479,1028
707969809498152960,2867,1052
707983188426153984,51,2
707995814724026368,3299,1220
708026248782585858,4634,2086
708109389455101952,2050,586
708119489313951744,2853,1059
708130923141795840,3598,914
708149363256774660,4531,1673
708349470027751425,2497,799
708356463048204288,3833,1461
708400866336894977,16982,10972
708469915515297792,3268,890
708479650088034305,2703,738
708711088997666817,2711,793
708738143638450176,2905,886
708810915978854401,17522,7549
708834316713893888,1807,547
708845821941387268,3153,974
708853462201716736,1903,709
709042156699303936,5054,1786
709158332880297985,2177,453
709179584944730112,2134,731
709198395643068416,2557,692
709207347839836162,13383,6332
709225125749587968,2541,625
709409458133323776,2782,756
709449600415961088,2359,644
709519240576036864,1579,260
709556954897764353,3482,1154
709566166965075968,3751,1311
709852847387627521,3710,1292
709901256215666688,713,108
709918798883774466,3160,1162
710117014656950272,5835,2155
710140971284037632,2933,971
710153181850935296,3082,969
710269109699739648,2550,1221
710272297844797440,4800,1368
710283270106132480,2257,559
710296729921429505,2510,799
710588934686908417,4836,2038
710609963652087808,5092,2543
710658690886586372,2450,612
710833117892898816,2855,584
710844581445812225,2698,746
710997087345876993,4824,1505
711008018775851008,3178,675
711306686208872448,3510,794
711363825979756544,3881,1230
711652651650457602,4106,994
711694788429553666,34837,19793
711732680602345472,9451,4476
711743778164514816,3007,1071
711968124745228288,8536,2505
711998809858043904,0,136
712065007010385924,2404,676
712085617388212225,3430,526
712092745624633345,3117,975
712097430750289920,4022,1124
712309440758808576,259,25
712438159032893441,5640,1693
712668654853337088,4415,1315
712717840512598017,13104,5417
712809025985978368,19726,7283
713175907180089344,4731,1569
713177543487135744,7629,3079
713411074226274305,4676,1400
713761197720473600,5172,1490
713900603437621249,2992,807
713909862279876608,2028,593
713919462244790272,3469,844
714141408463036416,4554,1518
714214115368108032,2402,951
714251586676113411,3467,912
714258258790387713,3181,778
714485234495041536,2881,1258
714606013974974464,3834,1010
714631576617938945,3467,1083
714957620017307648,4382,1538
714962719905021952,7802,4634
714982300363173890,3980,1117
715009755312439296,4417,1338
715200624753819648,5431,2042
715220193576927233,2555,710
715342466308784130,3208,741
715360349751484417,5795,1706
715680795826982913,4585,1754
715696743237730304,4138,1400
715704790270025728,2967,608
715733265223708672,4950,1840
715758151270801409,3961,1541
715928423106027520,3382,948
716080869887381504,5175,1882
716285507865542656,2943,1176
716439118184652801,2499,236
716447146686459905,13893,6367
716730379797970944,1300,461
716791146589110272,5858,1504
716802964044845056,4520,1269
717009362452090881,3465,1056
717047459982213120,6637,2057
717421804990701568,3345,918
717428917016076293,1695,492
717537687239008257,6108,1998
717790033953034240,3067,1218
717841801130979328,2596,644
718234618122661888,4101,1084
718246886998687744,2042,542
718454725339934721,5168,1633
718460005985447936,2874,576
718540630683709445,2640,1095
718613305783398402,2588,522
718631497683582976,20061,8760
718939241951195136,5550,1906
718971898235854848,3702,1190
719332531645071360,3621,1035
719339463458033665,4678,1354
719367763014393856,2952,800
719551379208073216,5354,2099
719704490224398336,4841,1573
719991154352222208,5124,1899
720043174954147842,5190,2173
720059472081784833,4125,1226
720340705894408192,3046,1055
720389942216527872,6803,2737
720415127506415616,4367,1613
720775346191278080,2627,740
720785406564900865,3306,841
721001180231503872,2676,664
721503162398597120,4948,2036
722613351520608256,5250,1771
722974582966214656,4364,1707
723179728551723008,5612,2038
723673163800948736,3212,967
723688335806480385,8183,3226
723912936180330496,4118,1323
724004602748780546,4440,1720
724046343203856385,2823,604
724049859469295616,4596,1916
724405726123311104,5625,1788
724771698126512129,2509,693
724983749226668032,3928,1418
725458796924002305,1496,674
725729321944506368,5501,1931
725786712245440512,4415,1472
725842289046749185,7463,2871
726224900189511680,4683,1260
726828223124897792,3766,1093
726887082820554753,4062,1632
726935089318363137,7307,2654
727155742655025152,3864,1432
727175381690781696,4103,1486
727286334147182592,3224,884
727314416056803329,3525,810
727524757080539137,4743,1328
727644517743104000,6261,1902
727685679342333952,3112,691
728015554473250816,4343,1187
728035342121635841,4817,1811
728046963732717569,4569,1273
728387165835677696,3894,1040
728409960103686147,5225,2184
728653952833728512,3517,1131
728751179681943552,2960,737
728760639972315136,4959,1840
728986383096946689,3360,889
729113531270991872,1999,359
729463711119904772,6160,2495
729823566028484608,4230,1339
729838605770891264,1803,418
729854734790754305,4272,1217
730196704625098752,5181,2090
730211855403241472,4062,1145
730427201120833536,3679,1131
730573383004487680,5227,2342
730924654643314689,6505,2155
731156023742988288,4072,1384
731285275100512256,3702,1071
732005617171337216,15846,5925
732375214819057664,8582,2732
732585889486888962,3915,838
732726085725589504,3748,960
732732193018155009,2594,582
733109485275860992,45157,17214
733460102733135873,4470,1393
733482008106668032,3340,1031
733822306246479872,3903,1097
733828123016450049,3815,843
734559631394082816,1588,430
734776360183431168,2659,587
734787690684657664,13345,6844
734912297295085568,2909,558
735137028879360001,3329,1050
735256018284875776,3563,963
735274964362878976,13825,5515
735635087207878657,6573,2576
735648611367784448,4268,1190
735991953473572864,3829,1251
736010884653420544,8402,3237
736225175608430592,8654,3008
736365877722001409,4251,1363
736392552031657984,18890,8095
736736130620620800,4597,1895
737310737551491075,15616,8054
737322739594330112,3834,880
737445876994609152,10980,4853
737678689543020544,5366,1457
737800304142471168,10622,3767
737826014890496000,5607,1926
738156290900254721,2693,718
738166403467907072,9351,3713
738184450748633089,4596,1322
738402415918125056,3484,929
738537504001953792,5424,1705
738883359779196928,3555,886
738885046782832640,4009,1239
738891149612572673,114,6
739238157791694849,115468,61331
739485634323156992,7665,3204
739544079319588864,42301,23353
739606147276148736,5725,1803
739623569819336705,4051,1485
739844404073074688,4029,927
739932936087216128,4316,1176
739979191639244800,21234,6452
740214038584557568,7127,2141
740359016048689152,3511,929
740365076218183684,2640,476
740373189193256964,36979,14515
740676976021798912,19308,7427
740699697422163968,3016,847
740711788199743490,3630,1017
740995100998766593,6821,3013
741067306818797568,10050,3370
741099773336379392,10693,6027
741303864243200000,9338,3520
741438259667034112,3910,911
741743634094141440,8701,3014
741793263812808706,4854,1646
742150209887731712,5478,1699
742161199639494656,4624,1499
742385895052087300,7243,2169
742423170473463808,10494,4146
742465774154047488,7727,4227
742528092657332225,4732,2171
742534281772302336,7511,3868
743210557239623680,4085,1484
743222593470234624,6599,2081
743253157753532416,4509,1321
743510151680958465,8419,4029
743545585370791937,3748,1022
743595368194129920,19681,7161
743609206067040256,4782,1500
743835915802583040,0,2285
743895849529389061,3889,1044
743980027717509120,4424,1188
744223424764059648,1813,407
744234799360020481,127520,76826
744334592493166593,7212,2339
744709971296780288,5967,1698
744971049620602880,8394,2946
744995568523612160,3183,687
745057283344719872,7718,2495
745074613265149952,8354,3846
745314880350101504,7636,3028
745422732645535745,9152,2664
745433870967832576,7572,2776
745712589599014916,7454,2538
745789745784041472,4312,1164
746056683365994496,3785,899
746131877086527488,7361,2408
746369468511756288,6598,1806
746507379341139972,4948,1177
746521445350707200,0,1073
746542875601690625,5376,2042
746726898085036033,6455,1959
746757706116112384,10208,4254
746790600704425984,5201,1739
746818907684614144,5654,1880
746872823977771008,6401,2352
746906459439529985,3084,327
747103485104099331,10237,4380
747204161125646336,3617,1006
747219827526344708,5645,1731
747242308580548608,0,3154
747439450712596480,5815,2104
747461612269887489,4136,1135
747512671126323200,5940,1737
747594051852075008,3941,1155
747600769478692864,2485,599
747648653817413632,13785,6398
747651430853525504,1473,171
747816857231626240,5186,1277
747844099428986880,2999,820
747885874273214464,3157,1089
747933425676525569,7086,2794
747963614829678593,6204,2358
748220828303695873,15098,8534
748307329658011649,3927,785
748324050481647620,3970,839
748337862848962560,8239,4520
748346686624440324,5590,1351
748568946752774144,2327,734
748575535303884801,6501,2188
748692773788876800,4538,1456
748699167502000129,5080,1758
748705597323898880,2960,1036
748932637671223296,6260,2472
748977405889503236,11501,3742
749036806121881602,3316,857
749064354620928000,5132,1659
749075273010798592,6170,2270
749317047558017024,5877,2432
749395845976588288,9221,3800
749403093750648834,2814,601
749417653287129088,6545,1831
749774190421639168,4972,1437
749981277374128128,5477,2692
749996283729883136,3237,884
750011400160841729,3471,998
750026558547456000,2904,866
750041628174217216,3405,677
750056684286914561,3353,978
750071704093859840,8415,3662
750086836815486976,2324,598
750101899009982464,3259,924
750117059602808832,4625,1427
750132105863102464,3885,1392
750147208377409536,3315,1061
750381685133418496,738,35
750383411068534784,4860,1249
750429297815552001,14140,4744
750506206503038976,4784,1265
750719632563142656,14180,5545
750868782890057730,5139,1522
751132876104687617,5457,1433
751205363882532864,6767,2015
751251247299190784,13412,6457
751456908746354688,3436,1093
751538714308972544,5403,1397
751583847268179968,4731,1227
751598357617971201,8472,3321
751793661361422336,6294,3211
751830394383790080,6220,2153
751937170840121344,5595,1479
751950017322246144,3307,1021
752173152931807232,6390,2032
752309394570878976,0,18327
752334515931054080,4094,1212
752519690950500352,7923,3781
752568224206688256,5954,2515
752660715232722944,4742,1734
752682090207055872,6444,1768
752701944171524096,0,3172
752917284578922496,7380,1731
752932432744185856,13554,7507
753026973505581056,4179,1071
753039830821511168,39846,23048
753294487569522689,3656,1150
753298634498793472,0,6356
753375668877008896,8188,2567
753398408988139520,6222,2110
753420520834629632,8502,3923
753655901052166144,6288,2403
754120377874386944,8415,2568
754449512966619136,4025,812
754482103782404096,5706,2142
754747087846248448,2767,574
754856583969079297,7386,2772
754874841593970688,0,8826
755110668769038337,22802,12180
755206590534418437,17688,5924
755955933503782912,7886,3181
756275833623502848,6926,1690
756288534030475264,45849,19252
756303284449767430,4253,1193
756526248105566208,11189,3987
756651752796094464,5453,1456
756939218950160384,7138,2212
756998049151549440,6739,2191
757354760399941633,4857,1568
757393109802180609,6275,1923
757400162377592832,16293,7527
757596066325864448,4675,1170
757597904299253760,0,322
757611664640446465,4892,1230
757725642876129280,4872,1344
757729163776290825,0,8937
757741869644341248,7405,3581
758041019896193024,2919,414
758099635764359168,20660,11101
758355060040593408,3686,1193
758405701903519748,5592,2115
758467244762497024,5161,2455
758474966123810816,4108,1092
758740312047005698,6152,1759
758828659922702336,12017,4219
758854675097526272,3816,988
759047813560868866,7011,2223
759099523532779520,15645,4623
759159934323924993,0,1295
759197388317847553,6521,2140
759446261539934208,1799,539
759447681597108224,9152,2710
759557299618865152,5060,1295
759566828574212096,0,23353
759793422261743616,6414,2105
759846353224826880,7228,2190
759923798737051648,15801,6275
759943073749200896,6393,2306
760153949710192640,0,36
760190180481531904,6134,1997
760252756032651264,4234,952
760290219849637889,28815,12671
760521673607086080,4551,1541
760539183865880579,8157,3998
760641137271070720,5331,1426
760656994973933572,7124,2122
760893934457552897,4108,1071
761004547850530816,12142,3821
761227390836215808,5727,1712
761292947749015552,4808,1216
761334018830917632,5619,1604
761371037149827077,0,19793
761599872357261312,4449,1299
761672994376806400,53308,32093
761745352076779520,4591,947
761750502866649088,0,4368
761976711479193600,5829,2230
762035686371364864,34450,17247
762316489655476224,5196,1247
762464539388485633,11150,4660
762471784394268675,12166,7197
762699858130116608,13135,4006
763103485927849985,7924,2510
763167063695355904,0,3340
763183847194451968,5836,1640
763837565564780549,13594,4615
763956972077010945,794,59
764259802650378240,6528,1679
764857477905154048,6914,1956
765222098633691136,12519,3736
765371061932261376,7631,2377
765395769549590528,28400,3751
765669560888528897,5588,1348
765719909049503744,7798,2386
766008592277377025,4027,549
766069199026450432,4615,965
766078092750233600,0,2871
766313316352462849,7310,2086
766423258543644672,6490,1762
766693177336135680,4348,875
766714921925144576,2804,425
766793450729734144,5474,1502
766864461642756096,0,6275
767122157629476866,10898,3159
767191397493538821,13255,4223
767500508068192258,8065,2580
767754930266464257,17285,5967
767884188863397888,5117,1551
768193404517830656,11770,3917
768473857036525572,14684,3800
768554158521745409,0,6452
768596291618299904,5422,1410
768609597686943744,4444,1340
768855141948723200,4534,988
768909767477751808,0,2998
768970937022709760,15542,7247
769212283578875904,5822,1899
769335591808995329,0,8510
769695466921623552,6894,1842
769940425801170949,33945,10696
770069151037685760,8175,2551
770093767776997377,0,3370
770293558247038976,6734,1654
770414278348247044,6788,2283
770655142660169732,7913,1931
770772759874076672,5601,1568
770787852854652928,5353,1360
771004394259247104,0,244
771014301343748096,7427,1832
771102124360998913,6716,1592
771136648247640064,9931,3236
771171053431250945,0,8389
771380798096281600,11372,5667
771500966810099713,8920,2903
771770456517009408,12970,3768
771908950375665664,7093,2104
772102971039580160,4325,1024
772114945936949249,2923,523
772117678702071809,4040,812
772152991789019136,4074,1246
772193107915964416,6495,1542
772581559778025472,6988,1880
772615324260794368,0,3736
772826264096874500,8616,2580
772877495989305348,9288,4307
773191612633579521,10795,4567
773247561583001600,10158,3565
773308824254029826,25094,8294
773336787167145985,0,5667
773547596996571136,23836,6851
773670353721753600,5758,1440
773704687002451968,7131,1822
773922284943896577,6915,1923
773985732834758656,11613,4323
774314403806253056,23520,6211
774639387460112384,7255,1932
774757898236878852,9226,1963
775085132600442880,16806,5253
775350846108426240,10989,4359
775364825476165632,8050,3320
775729183532220416,13972,5089
775733305207554048,14976,4459
775842724423557120,12681,2985
775898661951791106,0,17214
776088319444877312,1985,168
776113305656188928,12707,4847
776201521193218049,10375,2802
776218204058357768,32456,17762
776249906839351296,0,10206
776477788987613185,9591,3127
776813020089548800,5277,1342
776819012571455488,0,15274
777189768882946048,15497,4816
777621514455814149,9495,2779
777641927919427584,0,4744
777684233540206592,12163,3279
777885040357281792,6888,1827
777953400541634568,0,3917
778027034220126208,7108,1807
778039087836069888,9173,2942
778286810187399168,11249,3689
778383385161035776,6331,1226
778396591732486144,0,13644
778408200802557953,14764,4849
778624900596654080,5029,1127
778650543019483137,6256,1667
778748913645780993,7473,1487
778764940568104960,927,408
778774459159379968,0,11101
778990705243029504,21708,8124
779056095788752897,16042,5048
779123168116150273,12787,4064
779124354206535695,0,20509
779377524342161408,9568,3471
779834332596887552,20611,7903
780074436359819264,13282,5571
780092040432480260,0,2567
780192070812196864,9439,2497
780459368902959104,5726,1185
780476555013349377,0,130
780496263422808064,0,4146
780543529827336192,6823,1933
780601303617732608,13097,3711
780800785462489090,5986,1448
780858289093574656,7798,2224
780931614150983680,23464,8201
781163403222056960,10595,3041
781251288990355457,9151,2345
781308096455073793,7744,2839
781524693396357120,22514,6189
781655249211752448,4342,1250
781661882474196992,11340,3021
781955203444699136,12040,3753
782021823840026624,0,6970
782305867769217024,18082,6214
782598640137187329,8452,2094
782722598790725632,18720,6024
782747134529531904,8101,1559
782969140009107456,26189,8219
783085703974514689,8836,2480
783334639985389568,31707,13100
783347506784731136,0,6282
783391753726550016,18347,6164
783466772167098368,9186,2521
783695101801398276,11332,3597
783821107061198850,7994,2203
783839966405230592,32650,12093
784057939640352768,32493,12471
784183165795655680,21850,9021
784431430411685888,6179,1434
784517518371221505,9749,2839
784826020293709826,11016,3598
785170936622350336,13143,5442
785264754247995392,7893,1834
785515384317313025,6635,1417
785533386513321988,9903,2248
785639753186217984,8498,2473
785872687017132033,7264,2039
785927819176054784,12355,3533
786036967502913536,0,7903
786051337297522688,1559,173
786233965241827333,16655,5351
786286427768250368,8667,3203
786363235746385920,11852,3925
786595970293370880,10221,3468
786664955043049472,11594,2877
786709082849828864,19787,6811
786729988674449408,0,2711
786963064373534720,28902,8954
787111942498508800,0,7507
787322443945877504,8481,1955
787397959788929025,11796,3172
787717603741622272,11109,3108
787810552592695296,9437,3419
788039637453406209,6687,1487
788070120937619456,0,3821
788150585577050112,6684,1456
788178268662984705,7872,2375
788412144018661376,16953,5932
788552643979468800,0,8095
788765914992902144,29848,11535
788908386943430656,29790,13891
789137962068021249,10568,3125
789268448748703744,9917,2895
789280767834746880,0,5545
789314372632018944,9364,2575
789530877013393408,12802,3789
789599242079838210,7368,2173
789628658055020548,8189,1993
789903600034189313,11316,4630
789960241177853952,0,4660
789986466051088384,10069,2599
790227638568808452,0,4006
790277117346975746,13666,3595
790337589677002753,8515,2092
790581949425475584,22502,8026
790698755171364864,8919,2134
790723298204217344,0,2599
790946055508652032,18072,5259
790987426131050500,10777,2395
791026214425268224,0,4615
791312159183634433,9565,2847
791406955684368384,14292,4608
791672322847637504,12790,3513
791774931465953280,49090,24881
791780927877898241,0,4254
791784077045166082,0,10838
791821351946420224,0,23563
792050063153438720,7814,2017
792394556390137856,14666,4803
792773781206999040,7998,1878
792883833364439040,12305,4781
792913359805018113,15623,4503
793120401413079041,13815,4375
793135492858580992,7027,2785
793150605191548928,6720,1914
793165685325201412,10223,3114
793180763617361921,7534,2230
793195938047070209,16620,6296
793210959003287553,9721,3155
793226087023144960,10698,3209
793241302385262592,11471,3679
793256262322548741,21739,9331
793271401113350145,9399,2647
793286476301799424,26810,10311
793500921481273345,11644,2673
793601777308463104,8680,1834
793614319594401792,0,3513
793845145112371200,10012,2101
793962221541933056,18338,5487
794205286408003585,10012,3716
794332329137291264,10402,2961
794355576146903043,0,11535
794926597468000259,11191,2593
794983741416415232,0,3789
795076730285391872,17666,6080
795400264262053889,10997,3214
795464331001561088,54234,26707
796031486298386433,11757,4141
796080075804475393,9195,2593
796116448414461957,9891,2716
796125600683540480,5376,2002
796149749086875649,35222,16051
796177847564038144,0,16051
796387464403357696,11990,4665
796484825502875648,8245,1972
796563435802726400,0,8201
796759840936919040,12911,3431
796865951799083009,8344,2131
796904159865868288,0,9989
797165961484890113,250,31
797236660651966464,21759,7428
797545162159308800,15783,5438
797971864723324932,12679,3516
798209839306514432,11285,2856
798340744599797760,0,3768
798576900688019456,0,6601
798585098161549313,0,6411
798628517273620480,0,2204
798644042770751489,0,2072
798665375516884993,0,4357
798673117451325440,0,6230
798682547630837760,0,5304
798686750113755136,0,2602
798694562394996736,0,5564
798697898615730177,0,7283
798701998996647937,0,8760
798705661114773508,0,7427
798925684722855936,8084,1605
798933969379225600,14324,5028
799063482566066176,8800,2755
799297110730567681,10789,3106
799308762079035393,0,6211
799422933579902976,8750,2138
799757965289017345,9140,2424
799774291445383169,0,5253
800018252395122689,30869,14761
800141422401830912,16623,2871
800188575492947969,0,4417
800388270626521089,12113,3141
800443802682937345,0,4847
800459316964663297,10269,2412
800513324630806528,14283,3372
800751577355128832,11403,3108
800855607700029440,0,1825
800859414831898624,748,107
801115127852503040,8773,2343
801127390143516673,0,4459
801167903437357056,26658,6681
801285448605831168,6590,930
801538201127157760,8907,2307
801854953262350336,1917,262
801958328846974976,8391,1912
802185808107208704,0,299
802239329049477120,9857,2920
802265048156610565,6904,1523
802323869084381190,17669,6551
802572683846291456,9722,2815
802600418706604034,7740,1644
802624713319034886,0,3279
802952499103731712,9790,2245
803276597545603072,10901,2766
803321560782307329,0,5967
803380650405482500,8421,2079
803638050916102144,11941,4645
803692223237865472,0,8324
803773340896923648,10919,3105
804026241225523202,48478,18156
804413760345620481,0,3598
804475857670639616,6686,2255
804738756058218496,14925,4317
805207613751304193,8451,1902
805487436403003392,9525,2832
805520635690676224,6224,1852
805823200554876929,0,9021
805826884734976000,7152,2053
805932879469572096,8972,2130
805958939288408065,0,6024
806219024703037440,6969,1341
806242860592926720,0,13100
806542213899489280,11088,2655
806576416489959424,5257,2157
806620845233815552,0,6189
806629075125202948,81667,39112
807010152071229440,14137,4272
807059379405148160,0,8219
807106840509214720,122321,60644
807621403335917568,15822,4121
808001312164028416,13642,3954
808106460588765185,9456,2445
808134635716833280,0,6681
808344865868283904,46103,23222
808501579447930884,12253,2902
808733504066486276,8584,2424
808838249661788160,10961,3400
809084759137812480,14341,3929
809220051211603969,21645,6291
809448704142938112,7516,1645
809808892968534016,0,5487
809920764300447744,16805,4358
810254108431155201,15930,3750
810284430598270976,38488,12788
810657578271330305,11898,2952
810896069567610880,9818,2000
810984652412424192,5788,1601
811386762094317568,22676,7156
811627233043480576,13898,3507
811647686436880384,6053,829
811744202451197953,8172,1803
811985624773361665,7879,1572
812372279581671427,14836,4102
812466873996607488,8667,2156
812503143955202048,6586,1369
812709060537683968,7177,1603
812747805718642688,0,7770
812781120811126785,8200,2135
813051746834595840,22702,8183
813066809284972545,8618,2173
813081950185472002,10705,3093
813096984823349248,11397,4037
813112105746448384,11198,3082
813127251579564032,12850,3498
813130366689148928,4841,495
813142292504645637,9114,2639
813157409116065792,8390,2473
813172488309972993,10119,2140
813187593374461952,21496,4877
813202720496779264,9940,2011
813217897535406080,20245,8142
813800681631023104,9034,1964
813812741911748608,39352,15648
813910438903693312,10057,2105
813944609378369540,0,3595
814153002265309185,31107,9713
814530161257443328,9384,2065
814578408554463233,0,6500
814638523311648768,12220,3025
814986499976527872,8267,1439
815390420867969024,11187,4243
815639385530101762,8901,1836
815736392542261248,10645,2531
815745968457060357,0,4608
815966073409433600,24308,9493
815990720817401858,5401,1168
816014286006976512,0,5926
816062466425819140,0,1168
816091915477250048,9650,2401
816336735214911488,9314,2178
816450570814898180,33080,9050
816697700272001025,10592,2454
816816676327063552,10795,2273
816829038950027264,0,5259
817056546584727552,9261,1841
817120970343411712,13134,2922
817171292965273600,9431,2240
817181837579653120,0,9493
817415592588222464,6081,1075
817423860136083457,37031,16718
817502432452313088,0,3784
817536400337801217,12752,3386
817777686764523521,11567,2973
817827839487737858,56063,30202
817908911860748288,5226,877
818145370475810820,13290,2890
818259473185828864,11912,2543
818307523543449600,0,9050
818536468981415936,11802,2757
818588835076603904,0,6851
818614493328580609,10655,2879
818627210458333184,23970,8295
818646164899774465,0,23222
819004803107983360,93229,40780
819006400881917954,48694,21030
819015331746349057,0,21030
819015337530290176,0,40780
819227688460238848,24932,7441
819238181065359361,2472,449
819347104292290561,7790,1336
819588359383371776,10330,2192
819711362133872643,14519,3486
819924195358416896,13889,5389
819952236453363712,5744,1314
820013781606658049,0,1314
820078625395449857,21364,6985
820314633777061888,3598,631
820446719150292993,0,2871
820494788566847489,0,631
820690176645140481,13166,3580
820749716845686786,34054,11042
820837357901512704,0,7441
821044531881721856,13638,2549
821107785811234820,10361,2370
821149554670182400,9421,2238
821153421864615936,275,10
821407182352777218,12696,4845
821421320206483457,0,6214
821522889702862852,8639,1956
821765923262631936,9086,1848
821813639212650496,0,3711
821886076407029760,12243,2605
822163064745328640,0,5351
822244816520155136,37771,10940
822462944365645825,30755,16348
822489057087389700,19550,7116
822610361945911296,15910,3292
822647212903690241,0,7116
822859134160621569,14209,2537
822872901745569793,142530,48738
822975315408461824,18624,3814
823269594223824897,0,10940
823322678127919110,16947,4462
823333489516937216,753,29
823581115634085888,14027,2938
823699002998870016,13529,2676
823719002937630720,0,12471
823939628516474880,11472,3008
824025158776213504,5137,653
824297048279236611,16169,4277
824325613288833024,12662,11500
824663926340194305,10827,1928
824775126675836928,16101,3914
824796380199809024,0,6080
825026590719483904,6838,1427
825120256414846976,0,1427
825147591692263424,19666,5064
825535076884762624,55929,19048
825829644528148480,13685,2755
825876512159186944,11240,2066
826115272272650244,16837,3466
826204788643753985,5233,1036
826240494070030336,14247,2867
826476773533745153,19771,4645
826598365270007810,10817,2593
826598799820865537,5494,281
826615380357632002,0,4358
826848821049180160,39190,11348
826958653328592898,23180,5535
827199976799354881,11348,2477
827324948884643840,17041,3383
827600520311402496,7949,1045
827653905312006145,16561,3317
827933404142436356,21600,5768
828011680017821696,11104,2368
828046555563323392,12613,3163
828361771580813312,2348,186
828372645993398273,13429,3235
828376505180889089,7918,1174
828381636999917570,13529,2454
828408677031882754,8186,1410
828409743546925057,6726,1270
828650029636317184,10191,1483
828708714936930305,39219,12383
828770345708580865,27390,6494
828801551087042563,0,3750
829011960981237760,56757,17904
829141528400556032,26267,8178
829374341691346946,37090,10286
829449946868879360,11204,2241
829501995190984704,33968,11705
829861396166877184,13108,2164
829878982036299777,0,5535
830097400375152640,10517,3323
830173239259324417,0,6291
830583320585068544,71582,18570
830956169170665475,8530,1653
831262627380748289,12744,2261
831309418084069378,12530,2680
831315979191906304,6964,1228
831322785565769729,9802,1673
831552930092285952,9631,2529
831650051525054464,7676,2153
831670449226514432,11164,1996
831911600680497154,29569,7181
831926988323639298,364,36
831939777352105988,25657,6761
832032802820481025,19088,5128
832040443403784192,0,10696
832088576586297345,71,2
832215726631055365,0,10311
832215909146226688,0,6811
832273440279240704,12081,2565
832369877331693569,18314,3501
832397543355072512,12756,2453
832636094638288896,16946,3075
832645525019123713,3118,571
832682457690300417,12691,3227
832757312314028032,17956,3977
832769181346996225,0,40
832998151111966721,14218,2436
833124694597443584,21557,5315
833479644947025920,15875,2271
833722901757046785,22051,3515
833732339549220864,0,239
833826103416520705,16358,3773
833863086058651648,14308,2646
834086379323871233,13931,2427
834089966724603904,10722,2338
834167344700198914,16796,3979
834209720923721728,21991,5263
834458053273591808,10259,1833
834477809192075265,0,11705
834574053763584002,14606,2783
834786237630337024,22503,5986
834931633769889797,11553,1808
835152434251116546,23935,3315
835172783151792128,27822,6290
835246439529840640,2224,80
835264098648616962,8278,1866
835297930240217089,17461,3277
835309094223372289,0,23048
835536468978302976,0,1866
835574547218894849,18957,3973
835685285446955009,0,8954
836001077879255040,20348,4697
836260088725786625,22637,4690
836380477523124226,15677,3225
836397794269200385,0,30202
836648853927522308,0,606
836677758902222849,13424,2431
836753516572119041,20471,5048
836989968035819520,13550,2508
837110210464448512,17030,2617
837366284874571778,22473,5788
837471256429613056,13606,2524
837482249356513284,4075,482
837820167694528512,36341,8605
838083903487373313,18741,3442
838085839343206401,149,0
838150277551247360,1786,357
838201503651401729,0,11042
838476387338051585,24026,5263
838561493054533637,11587,1446
838831947270979586,0,12092
838916489579200512,0,37
838921590096166913,11860,2262
838952994649550848,20828,4343
839239871831150596,28886,7148
839290600511926273,0,154
839549326359670784,29195,8474
839990271299457024,14238,2505
840268004936019968,20442,6238
840370681858686976,17450,4962
840632337062862849,9518,1909
840696689258311684,13030,1074
840698636975636481,192,2
840728873075638272,0,17639
840761248237133825,0,1909
841077006473256960,24271,5761
841314665196081154,16800,5115
841320156043304961,20902,5900
841439858740625411,13381,3988
841680585030541313,27117,8413
841833993020538882,0,16718
842115215311396866,14826,3281
842163532590374912,25899,6292
842535590457499648,19133,3797
842765311967449089,7138,1382
842846295480000512,16079,3890
843235543001513987,22717,6567
843604394117681152,17836,2974
843856843873095681,22609,5004
843981021012017153,15947,3163
844223788422217728,14376,2377
844580511645339650,17388,3404
844704788403113984,40860,11199
844973813909606400,15947,3477
844979544864018432,14387,2804
845098359547420673,0,8294
845306882940190720,24589,5832
845397057150107648,8034,1963
845677943972139009,26463,5167
845812042753855489,30866,9452
846042936437604353,16834,3113
846139713627017216,32483,10635
846153765933735936,33417,9790
846505985330044928,14906,3343
846514051647705089,47039,12535
846874817362120707,21129,4225
847116187444137987,22518,3432
847157206088847362,21002,6310
847251039262605312,21468,4620
847606175596138505,19698,3642
847617282490613760,7361,452
847842811428974592,5759,1448
847962785489326080,24662,5506
847971574464610304,0,463
847978865427394560,0,3501
848212111729840128,17140,3317
848213670039564288,8571,807
848324959059550208,25944,4942
848690551926992896,26422,4635
849051919805034497,44492,9145
849336543269576704,11972,2031
849412302885593088,16612,3363
849668094696017920,0,5315
849776966551130114,31879,8153
850019790995546112,21397,5246
850145622816686080,17065,4100
850333567704068097,3574,356
850380195714523136,13637,2796
850753642995093505,32410,9937
851224888060895234,21562,6120
851464819735769094,25302,7548
851591660324737024,16884,3699
851861385021730816,0,23
851953902622658560,0,10286
852189679701164033,11928,1682
852226086759018497,20839,7265
852311364735569921,34478,10535
852553447878664193,17019,3737
852672615818899456,15510,2286
852912242202992640,9398,1954
852936405516943360,0,2153
853299958564483072,16115,3781
853639147608842240,36181,10755
853760880890318849,29647,6141
854010172552949760,16756,3336
854120357044912130,33073,7938
854365224396361728,19551,4958
854482394044301312,30315,7269
854732716440526848,23593,6441
855138241867124737,0,48
855245323840757760,0,6292
855459453768019968,30874,8668
855818117272018944,27376,5716
855851453814013952,46744,18590
855857698524602368,12176,2225
855860136149123072,5164,1091
855862651834028034,359,28
856282028240666624,28469,6626
856288084350160898,530,17
856330835276025856,0,712
856526610513747968,12157,1967
856543823941562368,16714,3018
856602993587888130,0,11199
857029823797047296,19429,4181
857062103051644929,0,178
857214891891077121,236,19
857263160327368704,20539,4724
857393404942143489,6079,1710
857746408056729600,35128,11085
857989990357356544,16512,2696
858107933456039936,16117,3034
858471635011153920,22031,5049
858843525470990336,15903,3616
858860390427611136,0,8474
859074603037188101,34664,14144
859196978902773760,92034,31452
859607811541651456,19009,1637
859851578198683649,15743,3636
859924526012018688,19950,4250
860177593139703809,0,32093
860184849394610176,17031,6053
860276583193509888,18670,3605
860524505164394496,24095,5464
860563773140209665,7657,2241
860924035999428608,0,846
860981674716409858,0,2241
861005113778896900,17052,3942
861288531465048066,17513,4311
861383897657036800,36733,11064
862096992088072192,75980,24098
862457590147678208,20906,5127
862722525377298433,17375,3652
862831371563274240,19522,5251
863062471531167744,8677,2550
863079547188785154,8915,1132
863427515083354112,2294,99
863432100342583297,24198,5427
863471782782697472,0,2550
863553081350529029,15529,4300
863907417377173506,20935,4267
864197398364647424,30619,9214
864279568663928832,14831,3130
864873206498414592,32751,8978
865006731092295680,28384,7895
865359393868664832,26808,5140
865718153858494464,25916,5760
866094527597207552,0,8605
866334964761202691,53248,14845
866450705531457537,123723,36141
866686824827068416,19546,3575
866720684873056260,20310,4944
867051520902168576,32584,8055
867072653475098625,0,129
867421006826221569,16299,2575
867774946302451713,34317,7499
867900495410671616,24383,4266
868552278524837888,10237,2141
868622495443632128,27439,5895
868639477480148993,0,2141
868880397819494401,66105,14810
869227993411051520,20564,3854
869596645499047938,16070,3188
869702957897576449,28383,6436
869772420881756160,42609,10207
870063196459192321,36842,8493
870308999962521604,21903,4217
870374049280663552,82957,26617
870656317836468226,12464,2680
870726314365509632,120,3
870804317367881728,33714,6297
871032628920680449,22696,3855
871102520638267392,20974,5566
871166179821445120,0,5761
871515927908634625,20236,3492
871762521631449091,20285,3514
871879754684805121,38064,11326
872122724285648897,34468,8200
872261713294495745,34221,6394
872486979161796608,40674,9087
872620804844003328,20770,3737
872668790621863937,0,28
872820683541237760,14707,3719
872967104147763200,27350,5449
873213775632977920,7239,1597
873337748698140672,0,1597
873580283840344065,24198,3972
874012996292530176,34580,10527
874057562936811520,22605,3972
874296783580663808,26006,4134
874434818259525634,0,14845
874680097055178752,27757,4670
875021211251597312,25408,4736
875097192612077568,27332,6061
875144289856114688,21850,4945
875747767867523072,25111,4308
876120275196170240,27825,4702
876484053909872640,18692,2406
876537666061221889,23367,4629
876838120628539392,20599,3365
877201837425926144,27027,5610
877316821321428993,27270,5186
877556246731214848,22664,3830
877611172832227328,0,81
877736472329191424,79582,19172
878057613040115712,41870,6843
878281511006478336,7726,1296
878316110768087041,0,6662
878404777348136964,0,1296
878604707211726852,30144,7233
878776093423087618,19330,4143
879008229531029506,18893,2699
879050749262655488,22489,4722
879130579576475649,0,6843
879376492567855104,16692,3122
879415818425184262,105439,44231
879492040517615616,23303,3188
879674319642796034,311,10
879862464715927552,22216,3503
880095782870896641,27504,4363
880221127280381952,26956,4233
880465832366813184,28390,6281
880872448815771648,21191,3819
880935762899988482,16930,2779
881268444196462592,22969,5164
881536004380872706,49226,15968
881633300179243008,128,7
881666595344535552,50341,10670
881906580714921986,24193,3398
882045870035918850,29228,4979
882268110199369728,44763,11587
882627270321602560,27773,6087
882762694511734784,28186,4915
882992080364220416,23845,3916
883117836046086144,37049,6666
883360690899218434,22466,3671
883482846933004288,45733,9958
883838122936631299,21798,3437
884162670584377345,20283,2981
884247878851493888,72661,20427
884441805382717440,26860,5646
884562892145688576,24191,4863
884876753390489601,27797,5787
884925521741709313,77155,18414
885167619883638784,21835,4375
885311592912609280,0,18570
885518971528720385,20334,3756
885528943205470208,35825,6421
885984800019947520,32538,6810
886054160059072513,0,104
886258384151887873,27838,6274
886267009285017600,116,4
886366144734445568,21087,3196
886680336477933568,22307,4456
886736880519319552,12007,3288
886983233522544640,34982,7765
887101392804085760,30395,5954
887343217045368832,33514,10384
887473957103951883,68768,18196
887517139158093824,46024,11657
887705289381826560,30039,5387
888078434458587136,21653,3486
888554962724278272,19797,3577
888804989199671297,25457,4337
888917238123831296,28940,4498
889278841981685760,25166,5417
889531135344209921,15025,2237
889638837579907072,27040,4544
889665388333682689,47893,10054
889880896479866881,27646,4972
890006608113172480,30537,7332
890240255349198849,31772,7419
890609185150312448,27657,4266
890729181411237888,65181,18894
890971913173991426,11787,2072
891087950875897856,20119,3115
891327558926688256,40123,9407
891689557279858688,41986,8655
891815181378084864,24904,4154
892177421306343426,33069,6268
892420643555336193,38585,8529
892420643555336193,38585,8529
892420643555336193,38585,8529
892420643555336193,38585,8529
892420643555336193,38585,8529
892420643555336193,38585,8529
892420643555336193,38585,8529
892420643555336193,38585,8529
892420643555336193,38585,8529
892420643555336193,38585,8529
892420643555336193,38585,8529
892420643555336193,38585,8529
892420643555336193,38585,8529
892420643555336193,38585,8529
